	D:\Pacientes\CDTI\Daniel\daniel_marcha.txt
	ACCL_Z_F
	ANALOG
	PROCESSED
ITEM	X
1	1.252022
2	1.210270
3	1.147249
4	1.065279
5	0.966065
6	0.850983
7	0.721404
8	0.578987
9	0.425811
10	0.264256
11	0.096729
12	-0.074537
13	-0.247557
14	-0.420591
15	-0.592038
16	-0.760243
17	-0.923320
18	-1.079070
19	-1.224960
20	-1.358110
21	-1.475389
22	-1.573663
23	-1.650167
24	-1.702871
25	-1.730775
26	-1.734091
27	-1.714284
28	-1.673955
29	-1.616587
30	-1.546310
31	-1.467732
32	-1.385693
33	-1.304823
34	-1.228691
35	-1.158553
36	-1.092412
37	-1.025078
38	-0.948997
39	-0.855394
40	-0.735880
41	-0.584594
42	-0.400313
43	-0.187048
44	0.047847
45	0.296174
46	0.549326
47	0.797849
48	1.032515
49	1.246192
50	1.434348
51	1.593893
52	1.721847
53	1.815011
54	1.870482
55	1.886558
56	1.863590
57	1.804358
58	1.713818
59	1.598475
60	1.465550
61	1.321967
62	1.173467
63	1.024252
64	0.877218
65	0.734454
66	0.597686
67	0.468392
68	0.347615
69	0.235749
70	0.132500
71	0.037052
72	-0.051701
73	-0.134942
74	-0.213824
75	-0.289442
76	-0.362846
77	-0.435054
78	-0.506946
79	-0.579020
80	-0.651132
81	-0.722373
82	-0.791155
83	-0.855469
84	-0.913188
85	-0.962331
86	-1.001234
87	-1.028643
88	-1.043696
89	-1.045777
90	-1.034293
91	-1.008644
92	-0.968512
93	-0.914084
94	-0.845691
95	-0.763281
96	-0.666666
97	-0.556460
98	-0.434937
99	-0.305770
100	-0.172243
101	-0.035812
102	0.103405
103	0.245835
104	0.392137
105	0.542426
106	0.695309
107	0.847343
108	0.993014
109	1.125633
110	1.238873
111	1.328088
112	1.390982
113	1.427462
114	1.438801
115	1.426754
116	1.393184
117	1.339972
118	1.268879
119	1.181418
120	1.078939
121	0.962892
122	0.835120
123	0.697996
124	0.554294
125	0.406899
126	0.258481
127	0.111131
128	-0.033860
129	-0.175927
130	-0.314940
131	-0.450847
132	-0.583365
133	-0.711775
134	-0.834814
135	-0.950667
136	-1.057105
137	-1.151724
138	-1.232178
139	-1.296344
140	-1.342467
141	-1.369364
142	-1.376757
143	-1.365669
144	-1.338566
145	-1.299047
146	-1.251156
147	-1.198573
148	-1.143898
149	-1.088221
150	-1.030957
151	-0.969942
152	-0.901808
153	-0.822544
154	-0.728246
155	-0.616283
156	-0.486356
157	-0.340008
158	-0.178483
159	-0.001842
160	0.188946
161	0.389795
162	0.593929
163	0.794091
164	0.984134
165	1.158937
166	1.313631
167	1.443438
168	1.544245
169	1.613372
170	1.650012
171	1.655115
172	1.630946
173	1.580656
174	1.507921
175	1.416497
176	1.309841
177	1.191008
178	1.062800
179	0.927972
180	0.789448
181	0.650371
182	0.513849
183	0.382504
184	0.258096
185	0.141378
186	0.032193
187	-0.070269
188	-0.167186
189	-0.259858
190	-0.349549
191	-0.437400
192	-0.524362
193	-0.611083
194	-0.697753
195	-0.784022
196	-0.868990
197	-0.951219
198	-1.028710
199	-1.098895
200	-1.158747
201	-1.205163
202	-1.235647
203	-1.249045
204	-1.245863
205	-1.227853
206	-1.196912
207	-1.153755
208	-1.097250
209	-1.024996
210	-0.934320
211	-0.822779
212	-0.688544
213	-0.531319
214	-0.353229
215	-0.158241
216	0.049654
217	0.266786
218	0.488516
219	0.708917
220	0.921464
221	1.119583
222	1.297000
223	1.447648
224	1.565721
225	1.646524
226	1.687450
227	1.688444
228	1.651804
229	1.581463
230	1.482119
231	1.358607
232	1.215575
233	1.057384
234	0.888124
235	0.711707
236	0.532000
237	0.352972
238	0.178667
239	0.012858
240	-0.141446
241	-0.282411
242	-0.409561
243	-0.523657
244	-0.626299
245	-0.719420
246	-0.804856
247	-0.884042
248	-0.957791
249	-1.026169
250	-1.088502
251	-1.143494
252	-1.189448
253	-1.224546
254	-1.247223
255	-1.256629
256	-1.253046
257	-1.238061
258	-1.214400
259	-1.185415
260	-1.154339
261	-1.123476
262	-1.093350
263	-1.061899
264	-1.024263
265	-0.973504
266	-0.901797
267	-0.801796
268	-0.668302
269	-0.500057
270	-0.300764
271	-0.077909
272	0.160447
273	0.407617
274	0.657388
275	0.902714
276	1.135851
277	1.349655
278	1.538686
279	1.698808
280	1.826224
281	1.917541
282	1.970644
283	1.985414
284	1.963872
285	1.909861
286	1.828536
287	1.725747
288	1.607341
289	1.478512
290	1.343369
291	1.204865
292	1.065091
293	0.925804
294	0.788873
295	0.656270
296	0.529673
297	0.410074
298	0.297640
299	0.191797
300	0.091430
301	-0.004853
302	-0.098422
303	-0.190431
304	-0.281699
305	-0.372642
306	-0.463258
307	-0.553200
308	-0.641824
309	-0.728186
310	-0.811062
311	-0.889007
312	-0.960417
313	-1.023589
314	-1.076915
315	-1.119183
316	-1.149749
317	-1.168305
318	-1.174312
319	-1.166645
320	-1.143771
321	-1.103953
322	-1.045239
323	-0.965636
324	-0.863588
325	-0.738439
326	-0.590933
327	-0.423486
328	-0.239300
329	-0.041104
330	0.168483
331	0.385553
332	0.604314
333	0.817364
334	1.016664
335	1.194749
336	1.345213
337	1.462926
338	1.544627
339	1.589437
340	1.598951
341	1.576824
342	1.527816
343	1.456675
344	1.367410
345	1.263114
346	1.146128
347	1.018292
348	0.881223
349	0.736630
350	0.586609
351	0.433718
352	0.280809
353	0.130665
354	-0.014493
355	-0.153413
356	-0.285911
357	-0.412669
358	-0.534882
359	-0.653811
360	-0.770337
361	-0.884642
362	-0.996094
363	-1.103205
364	-1.203605
365	-1.294161
366	-1.371343
367	-1.431752
368	-1.472630
369	-1.492217
370	-1.489862
371	-1.465900
372	-1.421442
373	-1.358147
374	-1.277921
375	-1.182454
376	-1.072609
377	-0.947876
378	-0.806386
379	-0.645637
380	-0.463763
381	-0.261123
382	-0.041611
383	0.187944
384	0.420679
385	0.651663
386	0.876858
387	1.091687
388	1.291347
389	1.471930
390	1.630670
391	1.764920
392	1.871301
393	1.946105
394	1.986290
395	1.990229
396	1.958096
397	1.891913
398	1.795344
399	1.673259
400	1.531094
401	1.374095
402	1.206729
403	1.032523
404	0.854288
405	0.674531
406	0.495844
407	0.321049
408	0.153004
409	-0.005724
410	-0.153097
411	-0.287699
412	-0.408711
413	-0.515741
414	-0.608653
415	-0.687486
416	-0.752492
417	-0.804188
418	-0.843350
419	-0.870838
420	-0.887330
421	-0.893110
422	-0.888073
423	-0.872033
424	-0.845235
425	-0.808818
426	-0.764967
427	-0.716683
428	-0.667276
429	-0.619757
430	-0.576327
431	-0.538008
432	-0.504274
433	-0.472870
434	-0.440137
435	-0.401606
436	-0.352678
437	-0.289626
438	-0.210784
439	-0.116833
440	-0.009229
441	0.111489
442	0.244884
443	0.388792
444	0.539084
445	0.690599
446	0.838359
447	0.978226
448	1.106565
449	1.219990
450	1.315605
451	1.391316
452	1.446105
453	1.480172
454	1.494760
455	1.491575
456	1.472109
457	1.437189
458	1.386898
459	1.320929
460	1.239203
461	1.142382
462	1.032089
463	0.910904
464	0.782197
465	0.649787
466	0.517407
467	0.388128
468	0.264015
469	0.146117
470	0.034637
471	-0.070858
472	-0.171220