	D:\Pacientes\CDTI\Federico\marcha.txt
	ACCL_Z_F
	ANALOG
	PROCESSED
ITEM	X
1	-1.726422
2	-1.750787
3	-1.760131
4	-1.756503
5	-1.742487
6	-1.720758
7	-1.693505
8	-1.661899
9	-1.625948
10	-1.584847
11	-1.537498
12	-1.482663
13	-1.418702
14	-1.343367
15	-1.254032
16	-1.148274
17	-1.024426
18	-0.881999
19	-0.722106
20	-0.548067
21	-0.366170
22	-0.186021
23	-0.019097
24	0.125057
25	0.242789
26	0.337040
27	0.414235
28	0.480387
29	0.539488
30	0.594197
31	0.646785
32	0.698996
33	0.751000
34	0.800522
35	0.843367
36	0.875469
37	0.894684
38	0.900628
39	0.893266
40	0.872150
41	0.836812
42	0.787493
43	0.725510
44	0.653116
45	0.572881
46	0.486942
47	0.396674
48	0.302919
49	0.206407
50	0.107965
51	0.008381
52	-0.091905
53	-0.192942
54	-0.295062
55	-0.398549
56	-0.503482
57	-0.609709
58	-0.716720
59	-0.823420
60	-0.928157
61	-1.029181
62	-1.125242
63	-1.215826
64	-1.300877
65	-1.380314
66	-1.453791
67	-1.520773
68	-1.580704
69	-1.633031
70	-1.677174
71	-1.712568
72	-1.738700
73	-1.755031
74	-1.760918
75	-1.755742
76	-1.739100
77	-1.710733
78	-1.670075
79	-1.615696
80	-1.545004
81	-1.454276
82	-1.339101
83	-1.195510
84	-1.021618
85	-0.819185
86	-0.594522
87	-0.357939
88	-0.120397
89	0.111872
90	0.340084
91	0.569154
92	0.800975
93	1.031821
94	1.254951
95	1.463103
96	1.648308
97	1.801871
98	1.916652
99	1.989541
100	2.021823
101	2.017874
102	1.983501
103	1.924297
104	1.844409
105	1.746732
106	1.634206
107	1.510331
108	1.378176
109	1.239337
110	1.094216
111	0.943120
112	0.787004
113	0.627370
114	0.465722
115	0.303129
116	0.140307
117	-0.021952
118	-0.182430
119	-0.339429
120	-0.490926
121	-0.634817
122	-0.769136
123	-0.892207
124	-1.002784
125	-1.100202
126	-1.184538
127	-1.256680
128	-1.318193
129	-1.370897
130	-1.416233
131	-1.454729
132	-1.485981
133	-1.509167
134	-1.523806
135	-1.530403
136	-1.530700
137	-1.527269
138	-1.522526
139	-1.517817
140	-1.513174
141	-1.507610
142	-1.499362
143	-1.485789
144	-1.463200
145	-1.426834
146	-1.371107
147	-1.290212
148	-1.179080
149	-1.034371
150	-0.855061
151	-0.642680
152	-0.401617
153	-0.139850
154	0.130459
155	0.393983
156	0.635674
157	0.844878
158	1.017182
159	1.152926
160	1.254344
161	1.323961
162	1.364534
163	1.379258
164	1.371445
165	1.343926
166	1.298911
167	1.238625
168	1.165904
169	1.083836
170	0.994982
171	0.901277
172	0.804666
173	0.707636
174	0.613114
175	0.523796
176	0.441291
177	0.365505
178	0.294678
179	0.226293
180	0.158519
181	0.091101
182	0.024761
183	-0.040280
184	-0.105135
185	-0.171844
186	-0.242441
187	-0.318358
188	-0.400330
189	-0.488456
190	-0.582187
191	-0.680269
192	-0.780818
193	-0.881577
194	-0.980243
195	-1.074724
196	-1.163311
197	-1.244842
198	-1.318825
199	-1.385424
200	-1.445243
201	-1.498977
202	-1.546980
203	-1.588856
204	-1.623157
205	-1.647345
206	-1.658054
207	-1.651482
208	-1.623607
209	-1.570144
210	-1.486526
211	-1.368301
212	-1.212032
213	-1.016461
214	-0.783579
215	-0.519360
216	-0.234031
217	0.059073
218	0.347131
219	0.622500
220	0.884243
221	1.134214
222	1.371242
223	1.589075
224	1.778892
225	1.932709
226	2.045161
227	2.113958
228	2.139682
229	2.125277
230	2.075604
231	1.997037
232	1.896508
233	1.780194
234	1.652991
235	1.519193
236	1.383034
237	1.248014
238	1.115782
239	0.986009
240	0.857434
241	0.729055
242	0.600557
243	0.471937
244	0.342916
245	0.212731
246	0.080480
247	-0.054347
248	-0.191628
249	-0.330716
250	-0.470540
251	-0.609546
252	-0.745604
253	-0.876066
254	-0.997999
255	-1.108554
256	-1.205342
257	-1.286655
258	-1.351564
259	-1.399983
260	-1.432731
261	-1.451496
262	-1.458556
263	-1.456320
264	-1.446960
265	-1.432338
266	-1.414172
267	-1.394122
268	-1.373569
269	-1.353116
270	-1.332127
271	-1.308665
272	-1.279822
273	-1.242119
274	-1.191736
275	-1.124672
276	-1.037064
277	-0.925747
278	-0.788965
279	-0.627069
280	-0.443069
281	-0.243018
282	-0.036123
283	0.165976
284	0.351325
285	0.510662
286	0.639564
287	0.738403
288	0.810508
289	0.860345
290	0.892950
291	0.914035
292	0.929475
293	0.943829
294	0.958705
295	0.972257
296	0.980436
297	0.979201
298	0.966114
299	0.940447
300	0.902385
301	0.852455
302	0.791638
303	0.721850
304	0.646090
305	0.567766
306	0.489410
307	0.411766
308	0.334001
309	0.254851
310	0.173696
311	0.090760
312	0.006457
313	-0.079312
314	-0.167216
315	-0.258009
316	-0.352116
317	-0.449592
318	-0.550238
319	-0.653585
320	-0.758759
321	-0.864420
322	-0.968873
323	-1.070258
324	-1.166704
325	-1.256494
326	-1.338247
327	-1.411041
328	-1.474402
329	-1.528220
330	-1.572662
331	-1.607985
332	-1.634175
333	-1.650550
334	-1.655630
335	-1.647368
336	-1.623449
337	-1.581372
338	-1.518262
339	-1.430712
340	-1.315022
341	-1.167954
342	-0.987841
343	-0.775714
344	-0.536149
345	-0.277693
346	-0.012100
347	0.248919
348	0.498585
349	0.737362
350	0.969628
351	1.197509
352	1.417679
353	1.622903
354	1.805098
355	1.957070
356	2.073375
357	2.151201
358	2.190731
359	2.194613
360	2.167075
361	2.112903
362	2.036326
363	1.940632
364	1.828986
365	1.705290
366	1.573815
367	1.437976
368	1.299685
369	1.159835
370	1.019250
371	0.879144
372	0.740889
373	0.605490
374	0.473256
375	0.343858
376	0.216663
377	0.091094
378	-0.033164
379	-0.156105
380	-0.277345
381	-0.396055
382	-0.510960
383	-0.620443
384	-0.722743
385	-0.816286
386	-0.900074
387	-0.973898
388	-1.038189
389	-1.093595
390	-1.140664
391	-1.179855
392	-1.211796
393	-1.237504
394	-1.258414
395	-1.276220
396	-1.292588
397	-1.308769
398	-1.325113
399	-1.340633
400	-1.352947
401	-1.358681
402	-1.354052
403	-1.335211
404	-1.298270
405	-1.239256
406	-1.154401
407	-1.040838
408	-0.897391
409	-0.725139
410	-0.527863
411	-0.312561
412	-0.089592
413	0.128471
414	0.329660
415	0.505667
416	0.653103
417	0.772686
418	0.867585
419	0.942060
420	1.000777
421	1.048576
422	1.089982
423	1.128006
424	1.162746
425	1.191125
426	1.208461
427	1.210903
428	1.196898
429	1.166844
430	1.121938
431	1.063640
432	0.994084
433	0.916688
434	0.835882
435	0.755591
436	0.677602
437	0.601332
438	0.525025
439	0.447233
440	0.367525
441	0.286152
442	0.203262
443	0.118573
444	0.031696
445	-0.057502
446	-0.148969
447	-0.242727
448	-0.338829
449	-0.436878
450	-0.535559
451	-0.632685
452	-0.725846
453	-0.813161
454	-0.893636
455	-0.967052
456	-1.033657
457	-1.093960
458	-1.148721
459	-1.199021
460	-1.246215
461	-1.291668
462	-1.336326
463	-1.380279
464	-1.422473
465	-1.460662
466	-1.491662
467	-1.511809
468	-1.517450
469	-1.505257
470	-1.472272
471	-1.415737
472	-1.332865
473	-1.220838
474	-1.077186
475	-0.900523
476	-0.691532
477	-0.454211
478	-0.197037
479	0.067127
480	0.324148
481	0.564506
482	0.787868
483	1.001486
484	1.213101
485	1.425012
486	1.633885
487	1.833823
488	2.018499
489	2.181857
490	2.318651
491	2.424895
492	2.498029
493	2.537372
494	2.544799
495	2.524274
496	2.479724
497	2.413455
498	2.327266
499	2.224555
500	2.110140
501	1.988186
502	1.861188
503	1.730915
504	1.599561
505	1.469688
506	1.343391
507	1.221725
508	1.104831
509	0.992487
510	0.884608
511	0.781382
512	0.683081
513	0.589840
514	0.501628
515	0.418388
516	0.340147
517	0.267022
518	0.199135
519	0.136496
520	0.078945
521	0.026216
522	-0.022019
523	-0.066127
524	-0.106473
525	-0.143307
526	-0.176687
527	-0.206526
528	-0.232728
529	-0.255269
530	-0.274196
531	-0.289689
532	-0.302222
533	-0.312673
534	-0.322195
535	-0.331891
536	-0.342537
537	-0.354501
538	-0.367800
539	-0.382179
540	-0.397268
541	-0.412800
542	-0.428770
543	-0.445452
544	-0.463351
545	-0.483102
546	-0.505265
547	-0.530032
548	-0.556986
549	-0.585027
550	-0.612485
551	-0.637425
552	-0.658067
553	-0.673076
554	-0.681577
555	-0.682981
556	-0.676851
557	-0.662838
558	-0.640696
559	-0.610322
560	-0.571815
561	-0.525466
562	-0.471819
563	-0.412067
564	-0.348640
565	-0.285034
